6.0,6.0709023
19.2,5.9584475
32.4,5.959375
45.6,6.1292286
58.8,4.5825434
72.0,5.105576
85.2,4.8315573
98.4,7.1958323
111.6,4.676812
124.799995,6.860381
138.0,4.7596936
151.2,5.1081905
164.4,4.877546
177.59999,6.914731
190.8,5.8550897
204.0,6.5603333
217.2,7.090552
230.4,6.248356
243.59999,5.658538
256.8,6.0156007
270.0,5.958004
283.19998,6.2468796
296.4,6.146524
309.6,6.572876
322.8,5.872037
336.0,7.269059
349.19998,6.2372727
362.4,6.7406235
375.6,6.1265225
388.8,6.366073
402.0,7.0939426
415.19998,6.7704973
428.4,7.3269753
441.6,5.5695224
454.8,4.843083
468.0,6.04132
481.19998,6.724966
494.4,6.7480574
507.6,6.4443626
520.8,7.090165
534.0,6.0590997
547.2,5.810881
6.0,18.933613
19.2,18.068329
32.4,18.373886
45.6,18.299313
58.8,18.198092
72.0,19.93924
85.2,18.663733
98.4,18.777004
111.6,18.64141
124.799995,20.508747
138.0,19.09915
151.2,19.424782
164.4,19.626114
177.59999,19.44256
190.8,19.154392
204.0,19.074457
217.2,17.698591
230.4,19.442865
243.59999,19.24208
256.8,20.322548
270.0,20.612856
283.19998,19.623768
296.4,21.045021
309.6,18.964874
322.8,19.40662
336.0,18.348553
349.19998,19.53047
362.4,18.870998
375.6,20.261398
388.8,18.95089
402.0,19.446993
415.19998,18.934395
428.4,19.390028
441.6,18.882936
454.8,19.211813
468.0,18.769423
481.19998,18.508904
494.4,18.417048
507.6,19.139687
520.8,18.33066
534.0,17.058548
547.2,18.684902
6.0,31.516129
19.2,31.729784
32.4,31.939383
45.6,31.989277
58.8,31.481411
72.0,33.138756
85.2,32.628387
98.4,32.84051
111.6,33.16076
124.799995,33.95328
138.0,32.224537
151.2,30.782198
164.4,32.87599
177.59999,32.867092
190.8,31.765842
204.0,33.648987
217.2,33.084793
230.4,34.458984
243.59999,31.403086
256.8,33.385544
270.0,31.985949
283.19998,32.67894
296.4,31.76263
309.6,33.24851
322.8,31.742619
336.0,32.376793
349.19998,32.180656
362.4,31.25015
375.6,31.965235
388.8,33.527744
402.0,31.5808
415.19998,31.43206
428.4,32.48745
441.6,32.971348
454.8,32.210308
468.0,31.551394
481.19998,32.03851
494.4,31.933247
507.6,32.113834
520.8,31.669495
534.0,31.545942
547.2,32.328175
6.0,45.351723
19.2,46.013702
32.4,44.076828
45.6,47.09562
58.8,45.68091
72.0,45.68752
85.2,47.24406
98.4,46.39958
111.6,46.866188
124.799995,45.41247
138.0,46.456104
151.2,47.185432
164.4,46.458168
177.59999,44.9958
190.8,45.70371
204.0,46.02058
217.2,46.370358
230.4,45.311108
243.59999,46.512325
256.8,45.087563
270.0,45.45447
283.19998,43.65472
296.4,46.19796
309.6,45.872234
322.8,45.43408
336.0,45.550556
349.19998,46.830906
362.4,44.761257
375.6,44.394886
388.8,44.741596
402.0,45.709538
415.19998,45.29745
428.4,45.379837
441.6,43.976685
454.8,45.365517
468.0,46.00145
481.19998,45.381203
494.4,45.56812
507.6,46.355145
520.8,46.407864
534.0,45.28633
547.2,46.05482
6.0,59.08235
19.2,60.786896
32.4,65.83349
45.6,67.83364
58.8,60.769615
72.0,58.78982
85.2,58.802254
98.4,58.797478
111.6,58.795216
124.799995,58.799335
138.0,58.796165
151.2,58.80429
164.4,58.79964
177.59999,63.256683
190.8,68.843994
204.0,49.815483
217.2,59.57545
230.4,52.44024
243.59999,58.794964
256.8,58.81985
270.0,58.80004
283.19998,58.80011
296.4,58.72513
309.6,51.79115
322.8,69.32171
336.0,61.50946
349.19998,58.828613
362.4,58.793163
375.6,58.799595
388.8,58.8154
402.0,58.80035
415.19998,58.798435
428.4,58.798965
441.6,58.80184
454.8,58.79945
468.0,45.831444
481.19998,50.623016
494.4,51.922527
507.6,68.886475
520.8,59.207256
534.0,58.7956
547.2,58.79992
6.0,71.99995
19.2,67.0924
32.4,82.12336
45.6,63.00105
58.8,71.96265
72.0,71.92839
85.2,72.026566
98.4,72.005585
111.6,71.99753
124.799995,72.00093
138.0,72.00162
151.2,72.00004
164.4,71.999695
177.59999,77.55473
190.8,79.337585
204.0,77.04429
217.2,77.499954
230.4,62.90105
243.59999,64.959236
256.8,71.96136
270.0,72.00035
283.19998,72.000374
296.4,72.000114
309.6,79.14808
322.8,61.108665
336.0,64.92009
349.19998,68.46894
362.4,71.97991
375.6,71.923195
388.8,72.00412
402.0,71.99935
415.19998,71.99814
428.4,72.002686
441.6,71.97936
454.8,72.000534
468.0,58.0423
481.19998,62.542282
494.4,66.910324
507.6,62.75212
520.8,78.35526
534.0,72.02119
547.2,72.00007
6.0,85.2
19.2,85.2
32.4,74.35265
45.6,94.93472
58.8,85.421844
72.0,85.20074
85.2,85.19423
98.4,85.19607
111.6,85.200554
124.799995,85.201904
138.0,85.198524
151.2,84.96084
164.4,85.23375
177.59999,85.19824
190.8,70.69381
204.0,93.34255
217.2,81.41074
230.4,97.404106
243.59999,91.941216
256.8,85.20171
270.0,85.19845
283.19998,85.19887
296.4,85.19983
309.6,85.20007
322.8,96.12006
336.0,92.01759
349.19998,85.52276
362.4,85.19475
375.6,85.20563
388.8,85.19308
402.0,85.18465
415.19998,85.27435
428.4,85.24414
441.6,77.03373
454.8,93.38562
468.0,68.888855
481.19998,93.68964
494.4,81.59623
507.6,76.333664
520.8,91.89792
534.0,85.22131
547.2,85.18882
6.0,98.399826
19.2,98.4013
32.4,107.26683
45.6,86.27161
58.8,93.66712
72.0,98.60401
85.2,98.40392
98.4,98.390816
111.6,98.383934
124.799995,98.399605
138.0,98.402596
151.2,98.40183
164.4,98.17337
177.59999,98.39991
190.8,108.11105
204.0,108.13031
217.2,97.76577
230.4,89.082085
243.59999,105.36028
256.8,98.40963
270.0,98.4055
283.19998,98.40092
296.4,98.40043
309.6,98.334175
322.8,108.52994
336.0,86.70394
349.19998,97.74877
362.4,98.433716
375.6,98.40591
388.8,98.38512
402.0,98.407074
415.19998,98.41771
428.4,98.40719
441.6,98.35077
454.8,106.50962
468.0,98.41632
481.19998,107.83483
494.4,97.31898
507.6,110.516594
520.8,89.037636
534.0,98.525536
547.2,98.40415
6.0,111.589836
19.2,111.59733
32.4,118.515625
45.6,123.04254
58.8,105.24159
72.0,118.746994
85.2,111.574005
98.4,111.607216
111.6,111.59105
124.799995,111.598755
138.0,111.55934
151.2,111.60375
164.4,111.2987
177.59999,111.59881
190.8,120.75501
204.0,122.07822
217.2,109.290924
230.4,123.82379
243.59999,121.49673
256.8,115.9261
270.0,111.11331
283.19998,113.13027
296.4,111.60504
309.6,111.60005
322.8,96.11153
336.0,120.85345
349.19998,112.205345
362.4,118.64433
375.6,111.606285
388.8,111.60654
402.0,111.59351
415.19998,111.60626
428.4,111.75638
441.6,111.598015
454.8,102.244514
468.0,111.537415
481.19998,97.577614
494.4,113.65713
507.6,102.542244
520.8,121.27411
534.0,115.69977
547.2,106.57373
6.0,125.84602
19.2,124.80171
32.4,124.785095
45.6,109.0583
58.8,130.5283
72.0,127.47427
85.2,124.743744
98.4,124.776344
111.6,124.797874
124.799995,124.804405
138.0,124.802444
151.2,124.802376
164.4,124.52859
177.59999,124.81447
190.8,124.79978
204.0,110.75392
217.2,127.238556
230.4,133.52203
243.59999,114.401245
256.8,128.9833
270.0,127.612976
283.19998,124.809364
296.4,124.800064
309.6,124.79979
322.8,124.79849
336.0,137.16745
349.19998,126.61296
362.4,119.18707
375.6,124.79018
388.8,124.79701
402.0,124.78818
415.19998,124.80408
428.4,124.97477
441.6,124.748314
454.8,124.59749
468.0,114.9314
481.19998,111.537605
494.4,117.67368
507.6,135.85144
520.8,114.81932
534.0,129.62712
547.2,126.305
6.0,137.99892
19.2,137.99011
32.4,138.00063
45.6,149.9728
58.8,126.67355
72.0,140.23279
85.2,136.77312
98.4,137.9692
111.6,138.00084
124.799995,137.9917
138.0,138.0083
151.2,138.0021
164.4,137.45448
177.59999,137.72398
190.8,137.99893
204.0,149.48015
217.2,130.24992
230.4,132.37038
243.59999,127.28839
256.8,132.9224
270.0,138.00899
283.19998,138.01572
296.4,137.46645
309.6,137.99736
322.8,137.83539
336.0,149.57265
349.19998,144.39607
362.4,149.3045
375.6,138.08836
388.8,137.96935
402.0,137.99663
415.19998,137.99895
428.4,137.99677
441.6,139.42542
454.8,138.10445
468.0,128.17914
481.19998,138.06665
494.4,131.50598
507.6,132.9924
520.8,149.4643
534.0,142.67058
547.2,141.05363
6.0,151.1913
19.2,146.99593
32.4,151.19484
45.6,135.50887
58.8,139.75488
72.0,148.81572
85.2,160.92644
98.4,151.26381
111.6,151.177
124.799995,151.19305
138.0,151.19882
151.2,151.18433
164.4,151.20334
177.59999,151.20345
190.8,151.19847
204.0,139.66583
217.2,159.47928
230.4,147.50279
243.59999,163.86852
256.8,143.31285
270.0,152.45105
283.19998,150.30672
296.4,152.67592
309.6,151.20496
322.8,151.19919
336.0,163.75826
349.19998,140.80653
362.4,153.88695
375.6,144.63896
388.8,151.18832
402.0,151.28792
415.19998,151.2617
428.4,151.19756
441.6,151.56476
454.8,151.2167
468.0,151.19778
481.19998,151.20276
494.4,151.19923
507.6,151.20143
520.8,151.20004
534.0,151.19897
547.2,151.19812
6.0,164.40094
19.2,164.3992
32.4,164.3995
45.6,164.39983
58.8,152.44826
72.0,165.99217
85.2,157.6138
98.4,164.21863
111.6,165.44363
124.799995,163.29395
138.0,164.42776
151.2,165.36745
164.4,164.4333
177.59999,164.37402
190.8,165.48462
204.0,165.06812
217.2,158.18253
230.4,172.28253
243.59999,154.59863
256.8,166.43497
270.0,168.9929
283.19998,167.17223
296.4,165.36201
309.6,164.10191
322.8,163.00981
336.0,163.97151
349.19998,158.21065
362.4,162.37402
375.6,174.11293
388.8,163.00674
402.0,164.78192
415.19998,162.93056
428.4,164.6049
441.6,163.00426
454.8,163.06297
468.0,170.84438
481.19998,167.91284
494.4,161.68558
507.6,160.27539
520.8,156.06111
534.0,166.7327
547.2,165.54265
6.0,179.88727
19.2,176.13599
32.4,177.58849
45.6,176.71086
58.8,170.6638
72.0,180.08954
85.2,184.97614
98.4,177.03914
111.6,175.99654
124.799995,177.42107
138.0,176.1753
151.2,176.4427
164.4,177.37921
177.59999,175.9457
190.8,176.23553
204.0,176.21103
217.2,185.68887
230.4,174.81439
243.59999,189.28244
256.8,169.74118
270.0,178.8873
283.19998,177.62656
296.4,178.68523
309.6,177.135
322.8,177.78314
336.0,178.86833
349.19998,169.39742
362.4,179.02621
375.6,171.68336
388.8,178.03336
402.0,176.34161
415.19998,177.9192
428.4,176.0194
441.6,176.85626
454.8,177.54648
468.0,176.3034
481.19998,169.48152
494.4,177.57938
507.6,180.71054
520.8,189.17307
534.0,169.68002
547.2,177.30339
6.0,189.44783
19.2,190.94296
32.4,188.05081
45.6,189.99861
58.8,183.21768
72.0,188.61163
85.2,186.83388
98.4,200.90773
111.6,190.8037
124.799995,191.26263
138.0,191.35075
151.2,190.80704
164.4,190.02037
177.59999,190.79893
190.8,189.79247
204.0,190.72888
217.2,187.79419
230.4,192.29729
243.59999,182.80136
256.8,198.9972
270.0,189.0043
283.19998,196.07619
296.4,190.56055
309.6,192.70703
322.8,191.58156
336.0,190.77057
349.19998,202.5621
362.4,192.32101
375.6,184.99606
388.8,184.8003
402.0,190.98674
415.19998,191.59688
428.4,190.80966
441.6,191.61894
454.8,190.76454
468.0,191.28046
481.19998,191.17
494.4,190.99667
507.6,192.11935
520.8,200.9963
534.0,181.26707
547.2,191.64963
6.0,210.25989
19.2,190.46124
32.4,205.01321
45.6,204.80836
58.8,203.52496
72.0,211.30815
85.2,199.13652
98.4,196.48193
111.6,203.99927
124.799995,204.57414
138.0,204.58884
151.2,203.99538
164.4,204.62875
177.59999,204.02666
190.8,203.99863
204.0,203.21092
217.2,204.15741
230.4,205.35313
243.59999,214.84816
256.8,194.71927
270.0,205.52272
283.19998,200.88441
296.4,206.69933
309.6,204.6228
322.8,203.99937
336.0,204.63066
349.19998,204.59373
362.4,204.10228
375.6,212.5891
388.8,212.04536
402.0,204.67688
415.19998,203.39336
428.4,203.26076
441.6,203.95312
454.8,204.77992
468.0,204.52666
481.19998,203.70825
494.4,204.39482
507.6,203.82834
520.8,215.13132
534.0,195.9706
547.2,202.45825
6.0,213.48065
19.2,218.02022
32.4,218.08046
45.6,217.19286
58.8,216.37572
72.0,216.31702
85.2,216.01605
98.4,209.57484
111.6,216.81189
124.799995,218.67027
138.0,216.55862
151.2,215.68436
164.4,217.39815
177.59999,216.19426
190.8,217.87918
204.0,217.08736
217.2,215.67117
230.4,220.01187
243.59999,210.6366
256.8,208.42148
270.0,216.59113
283.19998,211.33719
296.4,217.19939
309.6,215.67943
322.8,215.55156
336.0,215.96693
349.19998,217.44633
362.4,221.08543
375.6,224.27968
388.8,211.88606
402.0,215.84734
415.19998,215.87418
428.4,217.8808
441.6,217.20268
454.8,216.8265
468.0,216.90343
481.19998,216.28775
494.4,215.43393
507.6,217.19746
520.8,225.14925
534.0,227.62114
547.2,213.62347
6.0,237.72206
19.2,224.26738
32.4,229.35202
45.6,230.43102
58.8,230.2456
72.0,235.56982
85.2,226.77109
98.4,224.16432
111.6,224.36034
124.799995,230.8728
138.0,228.8912
151.2,230.34343
164.4,230.40282
177.59999,229.4679
190.8,230.39569
204.0,231.56413
217.2,231.65356
230.4,233.8848
243.59999,240.3846
256.8,239.00476
270.0,229.6403
283.19998,240.99931
296.4,235.99953
309.6,230.94608
322.8,230.53041
336.0,230.71649
349.19998,231.69783
362.4,232.04097
375.6,223.34064
388.8,239.40472
402.0,229.90773
415.19998,228.84007
428.4,231.03683
441.6,230.36525
454.8,231.45456
468.0,230.46411
481.19998,230.3667
494.4,230.42874
507.6,230.4267
520.8,230.40468
534.0,230.43211
547.2,230.37987
6.0,243.63187
19.2,243.56265
32.4,243.61346
45.6,243.56374
58.8,243.58543
72.0,243.57777
85.2,231.53389
98.4,252.55098
111.6,248.07924
124.799995,243.62788
138.0,243.56694
151.2,243.64754
164.4,243.598
177.59999,243.4358
190.8,243.91774
204.0,245.34756
217.2,244.81668
230.4,243.60405
243.59999,236.32982
256.8,252.17252
270.0,244.46109
283.19998,254.26096
296.4,252.10513
309.6,244.10094
322.8,245.22092
336.0,243.60541
349.19998,243.55692
362.4,243.60037
375.6,251.97295
388.8,235.96771
402.0,242.03394
415.19998,243.67719
428.4,243.60025
441.6,243.59543
454.8,244.77994
468.0,243.6077
481.19998,243.55315
494.4,236.18178
507.6,241.5113
520.8,241.76256
534.0,253.6532
547.2,240.5086
6.0,267.80847
19.2,249.5611
32.4,257.6564
45.6,256.95236
58.8,256.78098
72.0,255.90956
85.2,262.92456
98.4,265.6337
111.6,253.28882
124.799995,254.57689
138.0,256.76617
151.2,256.66638
164.4,256.80167
177.59999,256.8403
190.8,258.47067
204.0,255.12424
217.2,256.0863
230.4,256.84125
243.59999,263.9517
256.8,245.20573
270.0,254.29399
283.19998,266.08627
296.4,263.24426
309.6,257.24042
322.8,255.40735
336.0,256.3264
349.19998,256.8008
362.4,256.27167
375.6,248.59602
388.8,249.28235
402.0,253.56114
415.19998,258.19336
428.4,256.8039
441.6,256.8022
454.8,256.79956
468.0,256.38394
481.19998,255.69275
494.4,256.75528
507.6,256.67987
520.8,256.77377
534.0,245.57462
547.2,253.46425
6.0,262.89035
19.2,263.7288
32.4,269.9837
45.6,270.01193
58.8,269.8933
72.0,269.989
85.2,264.63455
98.4,258.11972
111.6,277.56036
124.799995,269.61063
138.0,269.9728
151.2,270.01483
164.4,270.02545
177.59999,270.009
190.8,269.96558
204.0,270.02606
217.2,269.82248
230.4,269.93915
243.59999,260.50693
256.8,256.74643
270.0,275.38483
283.19998,275.83902
296.4,280.9952
309.6,262.5065
322.8,270.11597
336.0,270.10922
349.19998,269.8902
362.4,269.92053
375.6,276.3504
388.8,279.8775
402.0,262.64972
415.19998,266.75092
428.4,270.03595
441.6,270.04822
454.8,270.34186
468.0,270.02786
481.19998,269.57205
494.4,269.87747
507.6,269.3151
520.8,269.91013
534.0,281.4752
547.2,260.81406
6.0,287.4248
19.2,274.278
32.4,275.50476
45.6,283.2553
58.8,283.11792
72.0,283.32272
85.2,282.85184
98.4,272.79413
111.6,272.77225
124.799995,283.5947
138.0,282.81305
151.2,283.80536
164.4,283.1789
177.59999,282.98767
190.8,283.3087
204.0,283.32733
217.2,283.45303
230.4,282.92194
243.59999,283.32672
256.8,269.43155
270.0,291.3683
283.19998,286.8669
296.4,273.33594
309.6,274.39664
322.8,282.30902
336.0,283.41547
349.19998,282.9532
362.4,282.5314
375.6,283.31827
388.8,292.3205
402.0,290.75766
415.19998,280.049
428.4,282.64218
441.6,282.40918
454.8,282.77747
468.0,283.704
481.19998,281.95102
494.4,283.82892
507.6,282.7266
520.8,284.39624
534.0,283.57834
547.2,272.4766
6.0,294.19937
19.2,286.88873
32.4,303.50464
45.6,295.81345
58.8,295.8106
72.0,296.98645
85.2,296.75427
98.4,282.83038
111.6,306.6539
124.799995,292.19977
138.0,291.8428
151.2,295.30804
164.4,296.08618
177.59999,295.5451
190.8,296.12585
204.0,295.27704
217.2,297.3632
230.4,295.7271
243.59999,296.20728
256.8,282.26093
270.0,304.73132
283.19998,293.0381
296.4,307.11285
309.6,286.99194
322.8,295.35367
336.0,296.95523
349.19998,295.07922
362.4,294.92758
375.6,296.63284
388.8,306.07178
402.0,285.5171
415.19998,298.3488
428.4,295.77512
441.6,296.67526
454.8,296.3244
468.0,295.94153
481.19998,296.14255
494.4,297.84836
507.6,295.4821
520.8,296.36417
534.0,298.16315
547.2,306.1717
6.0,306.49536
19.2,299.70456
32.4,300.59518
45.6,309.9019
58.8,308.41394
72.0,307.67407
85.2,309.42136
98.4,315.47647
111.6,321.85123
124.799995,303.47763
138.0,302.88574
151.2,308.817
164.4,308.5362
177.59999,309.3519
190.8,308.68304
204.0,309.76126
217.2,309.11407
230.4,311.53207
243.59999,309.53763
256.8,318.68292
270.0,295.5006
283.19998,306.26794
296.4,300.15817
309.6,319.34006
322.8,313.5567
336.0,307.6255
349.19998,311.4574
362.4,310.0172
375.6,310.75153
388.8,294.9804
402.0,320.11816
415.19998,313.40866
428.4,316.17383
441.6,308.54968
454.8,309.27637
468.0,309.75604
481.19998,309.02652
494.4,310.14734
507.6,309.3057
520.8,309.46707
534.0,309.35098
547.2,295.05792
6.0,324.91162
19.2,330.52786
32.4,332.89737
45.6,317.46613
58.8,325.31604
72.0,321.57614
85.2,322.20782
98.4,322.8815
111.6,333.1728
124.799995,311.97684
138.0,324.3916
151.2,322.03415
164.4,323.22412
177.59999,324.33078
190.8,321.32657
204.0,322.6746
217.2,323.85165
230.4,326.00314
243.59999,321.35678
256.8,322.86133
270.0,309.205
283.19998,326.8991
296.4,329.62708
309.6,333.4979
322.8,317.37177
336.0,324.91904
349.19998,323.23596
362.4,322.51947
375.6,322.5914
388.8,323.5937
402.0,334.37372
415.19998,316.4859
428.4,316.8219
441.6,322.81616
454.8,323.30508
468.0,322.95654
481.19998,322.44324
494.4,323.17212
507.6,322.00238
520.8,321.24985
534.0,322.69116
547.2,322.34155
6.0,328.33417
19.2,330.8366
32.4,325.51617
45.6,340.26917
58.8,335.15894
72.0,335.699
85.2,335.20685
98.4,336.81354
111.6,320.16464
124.799995,323.29785
138.0,337.7235
151.2,337.53113
164.4,335.38672
177.59999,335.5628
190.8,337.3792
204.0,336.5651
217.2,336.68304
230.4,334.1523
243.59999,336.85544
256.8,336.03012
270.0,323.55725
283.19998,328.77902
296.4,330.54935
309.6,326.91837
322.8,341.51355
336.0,336.40536
349.19998,335.15503
362.4,332.89227
375.6,336.86563
388.8,334.302
402.0,346.80234
415.19998,341.77347
428.4,341.1445
441.6,334.9765
454.8,336.87622
468.0,334.64795
481.19998,335.64
494.4,335.99738
507.6,337.75525
520.8,336.1745
534.0,335.932
547.2,335.02722
6.0,343.78458
19.2,351.341
32.4,361.92334
45.6,353.4858
58.8,350.90796
72.0,347.68692
85.2,350.92734
98.4,351.1345
111.6,350.11047
124.799995,349.75986
138.0,349.08
151.2,349.3875
164.4,349.09445
177.59999,349.2224
190.8,349.4984
204.0,348.7383
217.2,349.22678
230.4,350.47446
243.59999,349.30377
256.8,348.33844
270.0,350.62048
283.19998,350.06076
296.4,346.67093
309.6,349.40555
322.8,348.7407
336.0,348.7727
349.19998,345.53952
362.4,350.0979
375.6,348.6063
388.8,346.85574
402.0,349.5631
415.19998,348.81677
428.4,349.81882
441.6,349.16464
454.8,348.15576
468.0,348.84488
481.19998,348.4696
494.4,349.67282
507.6,348.2915
520.8,349.5302
534.0,349.62152
547.2,349.8884
6.0,362.84274
19.2,362.1341
32.4,363.03467
45.6,361.35806
58.8,361.9515
72.0,364.6269
85.2,362.02408
98.4,363.5586
111.6,363.82236
124.799995,362.1141
138.0,361.9706
151.2,363.19858
164.4,362.94647
177.59999,360.36545
190.8,364.5458
204.0,362.67178
217.2,362.4364
230.4,361.23224
243.59999,362.72946
256.8,363.8062
270.0,362.5828
283.19998,361.6942
296.4,360.37897
309.6,364.5455
322.8,363.3856
336.0,362.41162
349.19998,365.2808
362.4,360.41412
375.6,362.7821
388.8,363.28253
402.0,362.24756
415.19998,362.52353
428.4,361.89624
441.6,361.09235
454.8,362.31152
468.0,363.61597
481.19998,361.83743
494.4,362.13718
507.6,361.88254
520.8,363.76077
534.0,363.17337
547.2,363.9691
6.0,377.41678
19.2,375.7369
32.4,375.7581
45.6,377.43457
58.8,375.21735
72.0,377.11133
85.2,376.69116
98.4,373.34177
111.6,374.34076
124.799995,382.128
138.0,378.9609
151.2,373.72498
164.4,383.25497
177.59999,376.14203
190.8,376.133
204.0,376.51086
217.2,379.04544
230.4,377.51697
243.59999,371.0991
256.8,379.09305
270.0,373.8979
283.19998,373.32907
296.4,375.67776
309.6,369.7882
322.8,368.0911
336.0,373.82196
349.19998,376.39444
362.4,374.8758
375.6,373.61865
388.8,375.59848
402.0,373.12534
415.19998,366.03653
428.4,373.47458
441.6,385.88983
454.8,375.23083
468.0,375.56512
481.19998,375.64603
494.4,375.60016
507.6,375.4046
520.8,375.48117
534.0,376.19638
547.2,374.01416
6.0,388.77097
19.2,392.8843
32.4,397.8735
45.6,395.84122
58.8,388.14444
72.0,384.44418
85.2,389.75815
98.4,387.525
111.6,389.18912
124.799995,388.23633
138.0,382.92743
151.2,393.99417
164.4,398.5562
177.59999,389.17188
190.8,388.21802
204.0,391.5351
217.2,388.85522
230.4,386.51007
243.59999,388.66992
256.8,391.86752
270.0,389.02847
283.19998,394.78644
296.4,388.92514
309.6,397.34814
322.8,381.54175
336.0,389.99548
349.19998,384.2872
362.4,383.25308
375.6,388.80338
388.8,389.28418
402.0,388.50555
415.19998,380.88654
428.4,390.63586
441.6,383.99295
454.8,384.95532
468.0,388.25687
481.19998,389.3813
494.4,388.80194
507.6,388.6992
520.8,388.81863
534.0,388.80707
547.2,391.0726
6.0,402.02698
19.2,402.10443
32.4,412.4408
45.6,408.43436
58.8,406.2413
72.0,408.9689
85.2,404.608
98.4,402.00113
111.6,402.00903
124.799995,400.29694
138.0,399.51532
151.2,399.22723
164.4,409.2035
177.59999,402.5152
190.8,403.27478
204.0,403.81543
217.2,402.07516
230.4,401.89075
243.59999,402.76605
256.8,404.38354
270.0,404.27023
283.19998,402.01163
296.4,401.78488
309.6,394.57123
322.8,395.82922
336.0,398.27615
349.19998,398.9376
362.4,402.45764
375.6,401.93246
388.8,402.00497
402.0,402.67532
415.19998,401.541
428.4,404.69553
441.6,407.7189
454.8,407.74033
468.0,402.71054
481.19998,401.32312
494.4,401.99084
507.6,401.93692
520.8,401.9998
534.0,402.11813
547.2,401.4343
6.0,413.35043
19.2,415.19373
32.4,407.9862
45.6,410.1057
58.8,411.60422
72.0,420.20523
85.2,416.17856
98.4,414.1075
111.6,415.10367
124.799995,415.31573
138.0,417.22595
151.2,411.6189
164.4,412.16235
177.59999,417.51944
190.8,414.28116
204.0,414.5732
217.2,414.4132
230.4,416.74973
243.59999,415.45895
256.8,414.38617
270.0,416.77844
283.19998,415.10757
296.4,420.16318
309.6,408.35007
322.8,423.806
336.0,412.72205
349.19998,421.78928
362.4,415.9959
375.6,415.20978
388.8,410.18002
402.0,415.1947
415.19998,414.43475
428.4,416.3254
441.6,420.75433
454.8,409.63007
468.0,413.92682
481.19998,415.77792
494.4,415.2588
507.6,415.20016
520.8,415.17694
534.0,415.37323
547.2,415.85873
6.0,428.09744
19.2,428.39902
32.4,435.7335
45.6,436.7333
58.8,425.4257
72.0,424.11438
85.2,428.4349
98.4,427.84775
111.6,428.42975
124.799995,428.26453
138.0,428.06793
151.2,428.34595
164.4,428.65903
177.59999,428.44635
190.8,428.5441
204.0,428.5158
217.2,428.3322
230.4,428.23932
243.59999,428.4987
256.8,428.2123
270.0,428.5
283.19998,428.343
296.4,428.33548
309.6,428.10126
322.8,428.22345
336.0,428.41818
349.19998,428.43057
362.4,428.46854
375.6,428.29523
388.8,428.14685
402.0,428.55722
415.19998,428.53864
428.4,428.52206
441.6,428.3852
454.8,428.12225
468.0,428.44754
481.19998,428.37057
494.4,428.50702
507.6,428.64087
520.8,428.7852
534.0,428.6468
547.2,428.6417
6.0,441.55225
19.2,441.4991
32.4,441.3601
45.6,441.9429
58.8,441.83334
72.0,442.08136
85.2,441.5426
98.4,441.37057
111.6,442.04135
124.799995,441.83234
138.0,441.4269
151.2,441.94742
164.4,441.9677
177.59999,441.05334
190.8,441.44507
204.0,441.62244
217.2,441.55716
230.4,441.6391
243.59999,441.5391
256.8,441.49182
270.0,441.83374
283.19998,441.60242
296.4,441.51282
309.6,441.74017
322.8,441.98383
336.0,441.62497
349.19998,441.76794
362.4,442.05014
375.6,441.84537
388.8,441.89566
402.0,441.24542
415.19998,440.7959
428.4,441.57498
441.6,441.76297
454.8,441.8816
468.0,441.68292
481.19998,441.89423
494.4,441.244
507.6,441.4867
520.8,441.87158
534.0,441.74463
547.2,441.72205
6.0,454.61627
19.2,454.6432
32.4,454.87048
45.6,455.00903
58.8,454.4046
72.0,454.95407
85.2,455.041
98.4,454.92593
111.6,454.61765
124.799995,454.35342
138.0,454.8066
151.2,439.39127
164.4,463.40402
177.59999,447.5622
190.8,454.5997
204.0,453.46686
217.2,455.5452
230.4,456.70166
243.59999,455.93582
256.8,454.10355
270.0,457.4279
283.19998,452.43454
296.4,457.38956
309.6,460.37378
322.8,443.92102
336.0,447.5627
349.19998,450.06747
362.4,464.93845
375.6,453.05493
388.8,452.53784
402.0,456.33923
415.19998,454.09033
428.4,454.20154
441.6,451.25464
454.8,464.4057
468.0,462.45987
481.19998,453.41016
494.4,453.79712
507.6,453.52258
520.8,454.80124
534.0,455.06882
547.2,456.255
6.0,469.51282
19.2,466.05676
32.4,468.15964
45.6,477.53485
58.8,458.9023
72.0,463.709
85.2,459.92987
98.4,459.70282
111.6,465.52292
124.799995,471.00287
138.0,466.9151
151.2,466.24106
164.4,475.6041
177.59999,476.85126
190.8,468.2837
204.0,466.52216
217.2,466.65814
230.4,466.67664
243.59999,468.00165
256.8,467.3619
270.0,467.99823
283.19998,465.27005
296.4,467.66263
309.6,469.67767
322.8,478.4236
336.0,458.23367
349.19998,468.6623
362.4,477.87125
375.6,459.02124
388.8,454.6395
402.0,465.91876
415.19998,468.82718
428.4,466.08072
441.6,451.01553
454.8,477.9159
468.0,459.26804
481.19998,466.95154
494.4,468.42206
507.6,467.12833
520.8,468.40778
534.0,470.11523
547.2,468.04825
6.0,481.13623
19.2,481.0099
32.4,481.18967
45.6,482.5015
58.8,481.1731
72.0,482.21722
85.2,481.1578
98.4,481.23593
111.6,481.21176
124.799995,481.17932
138.0,482.39133
151.2,480.80548
164.4,481.19867
177.59999,481.19998
190.8,481.19998
204.0,481.19998
217.2,481.19998
230.4,481.19998
243.59999,481.19998
256.8,481.19998
270.0,481.19998
283.19998,481.19998
296.4,481.19998
309.6,481.19998
322.8,481.19998
336.0,481.19998
349.19998,481.1561
362.4,481.72888
375.6,481.25372
388.8,479.3757
402.0,480.09952
415.19998,481.52216
428.4,479.88422
441.6,481.4573
454.8,481.6342
468.0,480.8574
481.19998,479.06662
494.4,481.27673
507.6,480.15332
520.8,482.30713
534.0,483.06827
547.2,479.80936
6.0,495.64862
19.2,493.78293
32.4,494.3483
45.6,492.12396
58.8,495.2613
72.0,494.84534
85.2,494.38077
98.4,496.93936
111.6,488.56796
124.799995,496.13388
138.0,494.50058
151.2,495.93265
164.4,495.1498
177.59999,495.53268
190.8,496.08652
204.0,493.9051
217.2,494.9209
230.4,493.7448
243.59999,493.96246
256.8,495.01743
270.0,495.02383
283.19998,496.5358
296.4,494.28198
309.6,492.0425
322.8,494.7376
336.0,494.95654
349.19998,495.1485
362.4,492.89117
375.6,493.21933
388.8,494.198
402.0,494.55804
415.19998,495.35593
428.4,494.44827
441.6,495.499
454.8,495.19598
468.0,491.4637
481.19998,484.64117
494.4,493.7246
507.6,494.37265
520.8,494.63028
534.0,495.79312
547.2,492.76306
6.0,507.09808
19.2,506.36572
32.4,508.04602
45.6,508.9055
58.8,510.8327
72.0,508.92896
85.2,507.06198
98.4,507.49448
111.6,507.1447
124.799995,508.79416
138.0,506.4079
151.2,508.887
164.4,507.70566
177.59999,507.94775
190.8,507.68915
204.0,510.4018
217.2,508.4765
230.4,506.3093
243.59999,508.51425
256.8,507.74554
270.0,507.5216
283.19998,505.59946
296.4,508.10648
309.6,508.19913
322.8,510.0864
336.0,509.29395
349.19998,504.19128
362.4,512.19934
375.6,513.00543
388.8,501.40472
402.0,510.3827
415.19998,506.82898
428.4,509.1616
441.6,507.64502
454.8,508.1542
468.0,507.9939
481.19998,508.55716
494.4,510.62384
507.6,506.43622
520.8,510.20416
534.0,501.67776
547.2,499.58197
6.0,523.0901
19.2,516.8794
32.4,523.2668
45.6,519.73517
58.8,521.7076
72.0,522.3906
85.2,530.9823
98.4,524.6199
111.6,526.5256
124.799995,530.5631
138.0,520.89624
151.2,520.79926
164.4,519.3121
177.59999,519.0975
190.8,519.3778
204.0,520.6555
217.2,522.9639
230.4,522.2966
243.59999,524.8271
256.8,514.542
270.0,510.3312
283.19998,518.5962
296.4,526.6755
309.6,525.50183
322.8,519.4193
336.0,519.6601
349.19998,523.1247
362.4,526.4027
375.6,522.44934
388.8,511.574
402.0,519.3355
415.19998,517.7036
428.4,521.182
441.6,521.0961
454.8,520.04535
468.0,520.78973
481.19998,519.0872
494.4,517.9556
507.6,521.2629
520.8,526.42224
534.0,527.54614
547.2,530.3499
6.0,530.5491
19.2,540.2351
32.4,535.5339
45.6,534.1177
58.8,532.7728
72.0,534.9369
85.2,532.65546
98.4,531.6394
111.6,542.50714
124.799995,522.31006
138.0,532.23895
151.2,531.72614
164.4,532.32166
177.59999,533.9528
190.8,533.32587
204.0,528.09656
217.2,536.82263
230.4,535.4891
243.59999,534.2412
256.8,539.69415
270.0,527.44196
283.19998,531.8799
296.4,542.91754
309.6,532.83405
322.8,532.9523
336.0,533.8282
349.19998,535.92346
362.4,541.5497
375.6,536.81537
388.8,528.39923
402.0,539.07007
415.19998,533.0279
428.4,534.32794
441.6,534.3756
454.8,531.34894
468.0,534.6362
481.19998,532.2683
494.4,536.31506
507.6,531.5036
520.8,537.2531
534.0,527.8052
547.2,525.7182
6.0,543.5759
19.2,545.22125
32.4,551.66266
45.6,546.0237
58.8,550.5177
72.0,546.3616
85.2,545.03815
98.4,549.3072
111.6,550.08093
124.799995,556.0717
138.0,547.534
151.2,549.88715
164.4,547.8784
177.59999,548.0392
190.8,547.88574
204.0,547.16974
217.2,547.1627
230.4,547.1943
243.59999,547.2271
256.8,541.06226
270.0,556.9631
283.19998,540.11847
296.4,542.89264
309.6,552.1645
322.8,544.9204
336.0,548.77563
349.19998,546.9089
362.4,547.8954
375.6,548.7569
388.8,541.5217
402.0,541.98883
415.19998,547.1647
428.4,547.1535
441.6,547.1092
454.8,548.2369
468.0,547.2648
481.19998,546.77264
494.4,550.50525
507.6,544.77057
520.8,545.97504
534.0,553.55975
547.2,556.294
6.0,561.4886
19.2,564.67554
32.4,552.68665
45.6,563.0645
58.8,560.0763
72.0,559.4536
85.2,558.8462
98.4,560.0355
111.6,565.2319
124.799995,555.11945
138.0,558.91046
151.2,560.99426
164.4,562.0127
177.59999,560.4972
190.8,560.4069
204.0,559.13135
217.2,561.36084
230.4,565.59235
243.59999,565.016
256.8,571.29724
270.0,571.95197
283.19998,552.60034
296.4,567.3572
309.6,554.24963
322.8,562.32306
336.0,559.9941
349.19998,558.7851
362.4,561.9013
375.6,560.1284
388.8,560.6501
402.0,559.852
415.19998,560.99286
428.4,559.9359
441.6,561.73065
454.8,561.0418
468.0,561.1952
481.19998,560.8995
494.4,560.5884
507.6,560.06573
520.8,560.6955
534.0,560.26196
547.2,560.979
6.0,573.99475
19.2,573.0615
32.4,574.062
45.6,572.88696
58.8,573.94556
72.0,573.26416
85.2,572.95026
98.4,573.76263
111.6,573.24066
124.799995,573.6795
138.0,574.1851
151.2,572.8756
164.4,573.5635
177.59999,573.2257
190.8,573.4689
204.0,573.3198
217.2,574.25653
230.4,573.959
243.59999,574.15356
256.8,573.48694
270.0,573.3058
283.19998,573.55524
296.4,573.7621
309.6,574.0142
322.8,574.25684
336.0,574.41705
349.19998,574.12085
362.4,574.2451
375.6,572.61554
388.8,573.3577
402.0,573.0301
415.19998,573.7337
428.4,572.60724
441.6,573.2094
454.8,572.7759
468.0,573.5151
481.19998,572.5905
494.4,573.565
507.6,573.0582
520.8,573.9386
534.0,574.5624
547.2,574.3591
6.0,587.3621
19.2,586.77
32.4,587.2489
45.6,586.69745
58.8,587.60425
72.0,587.02026
85.2,587.50397
98.4,586.4042
111.6,587.8715
124.799995,586.9461
138.0,586.3926
151.2,585.531
164.4,587.2313
177.59999,586.24756
190.8,586.8824
204.0,586.94293
217.2,586.5789
230.4,586.57886
243.59999,586.5634
256.8,586.3996
270.0,586.9745
283.19998,586.21313
296.4,586.7542
309.6,587.3717
322.8,586.49384
336.0,586.833
349.19998,585.8683
362.4,586.81036
375.6,586.5956
388.8,587.6277
402.0,586.89777
415.19998,587.25366
428.4,586.775
441.6,587.0716
454.8,586.76324
468.0,586.46246
481.19998,586.4799
494.4,586.7687
507.6,587.5755
520.8,587.37634
534.0,587.24896
547.2,585.85834
6.0,599.58307
19.2,599.2538
32.4,600.01337
45.6,599.6349
58.8,600.604
72.0,599.8996
85.2,600.31793
98.4,599.89984
111.6,600.0611
124.799995,599.5447
138.0,600.4215
151.2,600.4002
164.4,600.65216
177.59999,600.26324
190.8,600.6205
204.0,600.0301
217.2,599.3882
230.4,599.682
243.59999,599.8174
256.8,599.95154
270.0,599.546
283.19998,600.2386
296.4,599.4731
309.6,599.61993
322.8,599.1466
336.0,599.91003
349.19998,599.8029
362.4,599.92004
375.6,599.8719
388.8,600.22345
402.0,599.7371
415.19998,600.3016
428.4,599.7449
441.6,600.4909
454.8,600.8003
468.0,600.36993
481.19998,600.36035
494.4,600.156
507.6,600.14954
520.8,599.6805
534.0,599.6088
547.2,599.44257
6.0,613.28485
19.2,613.3011
32.4,613.6886
45.6,612.80695
58.8,613.00116
72.0,612.5668
85.2,613.20667
98.4,612.62225
111.6,613.5881
124.799995,612.975
138.0,613.47015
151.2,612.9515
164.4,613.1728
177.59999,612.21643
190.8,612.7136
204.0,613.01044
217.2,613.74915
230.4,613.92334
243.59999,613.45807
256.8,613.7288
270.0,613.23816
283.19998,613.21246
296.4,612.9067
309.6,613.50555
322.8,613.1343
336.0,613.6477
349.19998,612.93396
362.4,613.72235
375.6,612.7567
388.8,612.55536
402.0,612.8049
415.19998,612.9224
428.4,613.0659
441.6,613.04816
454.8,613.3622
468.0,612.9014
481.19998,613.09656
494.4,612.8892
507.6,613.53094
520.8,612.78864
534.0,613.76416
547.2,613.6431
6.0,626.7084
19.2,626.502
32.4,626.56964
45.6,626.14386
58.8,626.1781
72.0,626.676
85.2,626.22186
98.4,626.5679
111.6,626.2331
124.799995,626.80237
138.0,625.92914
151.2,626.1347
164.4,625.99304
177.59999,626.1095
190.8,626.0648
204.0,626.35065
217.2,626.5009
230.4,626.7366
243.59999,626.34357
256.8,626.30316
270.0,626.68036
283.19998,626.1945
296.4,626.4271
309.6,626.4184
322.8,626.6986
336.0,626.47394
349.19998,626.4816
362.4,626.1498
375.6,626.3312
388.8,626.13306
402.0,626.87164
415.19998,626.37537
428.4,626.6071
441.6,626.2634
454.8,626.6584
468.0,626.00665
481.19998,626.36884
494.4,626.1131
507.6,626.6363
520.8,626.01575
534.0,626.73773
547.2,626.6554
6.0,639.79266
19.2,639.4682
32.4,639.67114
45.6,639.31555
58.8,639.5295
72.0,639.76154
85.2,639.86774
98.4,639.8151
111.6,639.6985
124.799995,639.7294
138.0,639.4477
151.2,639.4278
164.4,639.27344
177.59999,639.5769
190.8,639.397
204.0,639.69165
217.2,639.4158
230.4,639.79016
243.59999,639.4565
256.8,639.519
270.0,639.6802
283.19998,639.51495
296.4,639.55927
309.6,639.6673
322.8,639.5157
336.0,639.5587
349.19998,639.42444
362.4,639.5736
375.6,639.4604
388.8,639.76953
402.0,639.3732
415.19998,639.64703
428.4,639.5024
441.6,639.5276
454.8,639.50244
468.0,639.4814
481.19998,639.79156
494.4,639.739
507.6,639.7551
520.8,639.57635
534.0,639.6922
547.2,639.50287