79.35596
166.75398
88.22363
42.596073
38.582355
16.786253
20.52578
11.641795
14.609756
9.305458
11.013805
7.636273
8.054512
6.1974397
6.7310715
7.754317
4.0849457
5.790202
4.2276144
3.4981065
4.786091
3.0785847
5.9717436
25.288286
9.724183
3.898825
2.651316
4.9294014
3.1817386
2.227056
2.4126575
3.3057072
2.8841891
3.2750778
2.7868273
6.220238
4.8442264
1.861941
2.4837964
1.9834833
3.1040647
2.687372
4.207824
1.9193155
2.6586237
3.0539665
3.9842558
7.326125
19.72261
9.090035
2.1036184
3.4264772
4.162553
4.3869276
3.9996693
1.5002521
2.059242
2.3529243
2.8047435
2.619833
2.468155
2.303877
1.7815243
2.3990731
2.1364827
1.9743909
2.1487014
2.6859589
3.1165328
7.314004
7.3646946
5.8657846
5.0961676
3.9858475
3.4740326
2.5256789
2.483218
2.7024577
3.9077082
2.8786292
3.0951936
3.151791
2.7515867
2.8526812
3.0989983
3.2208889
3.2435374
3.3976896
3.0861235
3.1604838
3.2897985
3.4073415
4.342919
3.4870338
3.97073
3.888313
3.2104316
4.5734005
4.319394
3.5903842
