4278.323
4833.9565
34223.684
6759.4863
11289.6875
5698.0786
5923.948
5485.9033
4552.167
4014.55
2662.6074
2408.328
2549.404
2839.5234
2285.0598
1620.4404
1349.7197
2308.8176
1292.8522
1231.7375
1475.4879
1623.9939
1172.7402
1349.62
665.9809
615.28076
858.138
1135.5895
708.0687
549.30707
571.72797
887.1191
528.57275
561.8653
1121.478
1294.8765
503.67834
399.52612
547.02325
558.616
498.8409
699.1799
509.59763
557.176
733.8803
1196.3969
3853.6243
3038.862
1124.0131
700.26227
533.76917
435.7828
623.4654
504.04535
446.4122
367.17926
310.12015
459.32422
407.4046
302.7077
286.23767
492.6026
408.33984
312.43088
387.59042
323.26648
292.05267
356.8135
489.20844
837.87366
1031.2422
1442.4263
873.83545
479.68588
303.1607
289.0757
512.15204
449.51114
558.57715
446.50668
443.579
386.87817
306.75504
351.97363
538.77765
331.67297
454.28955
481.9417
373.97925
369.0745
384.70554
465.33182
652.4101
544.679
430.42404
412.83746
733.4031
428.88843
302.43015
450.8345
319.1228
336.29962
419.37256
667.58075
609.81415
405.90683
350.2849
666.63367
355.1303
407.66562
305.36383
312.94397
283.19305
293.56906
504.5215
577.1724
388.92654
747.49786
469.0319
356.08987
315.7162
479.31583
630.7482
355.58478
292.4506
314.08267
455.74976
374.97064
339.1062
322.2414
472.12912
265.587
300.9689
306.3256
358.2688
465.54352
444.06305
726.9885
933.3148
918.0737
986.5646
907.84735
1189.9458
996.5968
776.0186
752.5033
466.71234
436.515
537.0831
532.12024
369.50015
293.65146
370.40976
565.2297
500.7411
587.7593
851.15265
619.61725
417.10052
326.64243
705.73914
649.72217
319.67218
375.95767
365.263
303.5594
342.72717
409.3838
571.1014
267.03455
285.86072
352.88702
582.7119
907.3992
491.87943
376.9243
531.8177
270.02945
321.43463
345.2622
404.0045
319.2135
316.9231
677.72656
587.8263
355.37405
522.48926
450.32925
449.53665
376.5559
679.94586
781.49774
441.39316
485.38452
566.5452
1353.494
913.8593
544.27936
502.81656
716.269
417.3329
371.80432
412.09958
353.625
370.9377
514.5022
880.4499
654.0033
728.72015
412.00018
501.7438
407.8204
472.85748
411.34647
678.7673
319.06323
384.38568
451.32043
986.9673
552.66187
363.08844
468.51758
448.1162
390.51303
540.96875
841.467
398.1121
363.80383
395.95322
905.7373
519.14417
451.13657
378.86166
443.84143
809.0429
582.70374
411.8749
626.752
396.97415
413.28436
386.865
565.451
616.29517
414.09244
664.6719
505.94046
344.9845
395.7414
407.14725
335.15723
440.8373
330.69693
546.3067
490.016
334.43243
346.5739
462.12476
486.53134
347.62122
663.24585
757.8817
350.97702
396.76453
490.89896
449.25198
392.12253
289.6437
593.63074
343.86322
407.94458
419.65115
418.17496
440.5551
647.3503
464.62094
520.60205
543.3126
532.6679
373.61792
414.57693
350.5649
295.7617
486.3206
527.53705
334.07455
351.56577
368.1689
549.23706
574.724
406.43973
540.4079
321.351
319.02396
378.52972
623.6721
497.47037
303.98282
276.3416
499.1569
436.6272
298.4235
366.9353
492.8888
336.44
281.07678
395.33005
349.62296
323.39133
502.5025
435.03497
502.01462
503.7806
516.75586
675.2761
399.6939
375.60788
317.6305
339.2164
276.22885
278.14026
319.56287
485.93744
377.63776
286.39554
304.18765
296.55228
298.2222
361.32278
472.9503
456.5105
263.65036
301.43805
309.04428
402.03168
405.08786
241.88622
440.5176
262.2352
263.65533
290.29523
346.30743
327.07318
267.839
323.09946
448.1646
322.91473
512.5089
333.80548
261.74106
250.05185
278.36856
648.3062
427.51785
332.30426
290.211
267.87253
340.68494
273.75378
456.94092
428.6542
257.25992
277.4746
255.58858
358.94708
296.14417
262.08694
296.1438
314.79105
293.35028
251.15242
239.46239
234.23924
283.9936
429.3146
322.76584
283.25574
252.49904
238.20949
292.73596
322.96567
255.19531
302.44836
397.75763
262.1234
273.25214
279.00748
244.35258
249.03679
236.63002
407.50906
473.75986
499.25153
318.0319
255.1447
240.92043
207.45885
274.40744
348.6615
480.78543
279.1874
274.03955
259.85992
286.30972
302.62817
249.24527
290.70575
242.40611
338.21054
304.66025
258.4119
298.1346
330.5046
304.4618
243.0087
253.23053
268.64447
239.81396
284.75797
316.67584
308.32907
260.87805
277.42282
315.00653
264.18243
279.08185
342.42596
290.90097
248.91617
253.30388
292.7416
345.9723
247.03737
251.19444
266.83563
315.9885
261.6348
302.13367
344.0373
218.38281
307.04315
300.7227
254.26256
217.30688
297.64746
278.37186
268.37036
292.3217
286.77
270.84622
246.37479
243.93425
247.771
231.0153
491.11237
251.86838
249.98604
283.32596
261.9018
252.4587
279.76837
290.42218
290.2541
443.42618
235.66656
257.4542
219.75569
222.51411
234.97778
241.74934
300.91083
266.64658
258.65753
240.22841
234.994
220.18123
235.83025
240.49866
218.0776
196.60493
244.42638
297.23825
230.81592
229.03354
253.26924
213.03615
208.74991
199.85509
201.089
191.20209
192.66388
198.23538
267.4569
199.25102
190.48177
223.37663
228.38829
196.35187
210.52489
176.85695
215.90738
167.33246
228.46347
