1283.3224
9332.98
2817.376
1417.2096
1247.9111
649.7408
659.5169
633.4776
411.4909
402.2861
387.86536
350.43692
219.43364
229.15944
211.01656
179.23474
166.28331
280.66238
159.13782
159.89928
134.78207
144.34187
245.53036
1322.7024
380.71213
165.34804
215.63481
125.06922
89.26031
108.47145
93.15729
108.7017
90.52681
88.93794
195.81871
279.8172
271.56
89.48149
128.85242
163.10634
111.380295
92.238365
128.22127
115.87991
96.25813
97.30909
182.3593
129.7381
214.08548
91.19897
90.81935
114.57908
166.39848
124.782326
121.44633
91.63355
81.13743
132.85829
137.92207
149.95856
99.56722
154.55978
95.60855
112.86552
92.40164
109.02958
81.40588
101.523094
125.97046
213.65578
249.94273
307.29425
199.39558
136.06255
147.18893
113.99096
135.37291
120.58446
197.52284
104.386696
192.56676
105.16403
90.60268
88.218254
135.21478
95.482216
154.95366
163.06215
128.11234
91.79219
96.02317
94.0884
158.21172
125.49927
114.57004
181.72879
139.4971
198.40735
258.3178
159.47789
117.98906
122.423546
105.73894
204.52269
158.55484
102.2452
123.07726
165.9533
99.22289
222.63966
96.691444
128.23837
148.02544
145.27373
133.04149
149.66484
113.96866
176.57864
142.56198
118.36766
127.08464
151.3295
170.35843
90.951546
98.83387
107.13702
142.18683
90.83326
114.54396
103.893456
187.01204
96.967514
121.8105
99.86417
134.63159
120.048096
119.254776
137.40865
132.47733
116.22104
89.90864
121.887695
100.24828
103.72022
149.82767
142.81126
88.57314
130.23508
96.10693
119.045265
88.820946
117.5191
86.909134
100.593895
109.5388
120.308426
144.15233
139.53764
89.331276
74.92723
114.294815
104.255936
95.4917
73.18385
127.73656
95.49223
84.48536
94.78381
99.072525
70.544174
82.08548
78.52747
104.956406
104.765015
116.82567
100.27984
130.555
98.71443
84.08566
99.95546
99.31467
75.99298
98.31205
90.29788
95.72297
86.374275
73.415565
85.821106
80.5637
78.99084
82.807175
96.44599
84.04086
81.931694
82.30959
129.68999
82.9704
87.26652
76.724846
107.95333
75.60456
85.256874
77.22813
101.331955
90.97359
109.33632
88.42902
73.15045
79.79225
93.68282
83.72467
93.19082
85.66802
90.55888
83.81286
88.30049
76.64595
85.94475
78.30691
102.6484
89.636444
88.48061
81.8716
89.24285
87.5653
75.36999
85.99952
81.919586
86.08197
83.47552
76.24104
86.60588
82.545784
91.85987
92.7798
106.06173
85.9974
95.917366
88.82078
87.26858
84.64873
87.115135
89.155525
83.888016
67.38507
84.595314
92.5692
92.509
86.83102
85.15193
69.58163
99.4974
60.148483
83.34835
82.10209
64.925064
58.604534
78.4805
87.24145
99.85624
85.70729
100.55966
74.98652
70.04017
91.96334
80.07877
95.02667
70.321976
67.357864
87.72146
71.855125
76.00385
85.755005
84.36673
89.99187
74.796364
106.35628
80.71518
78.92324
82.37165
83.48557
98.184616
102.04996
118.2187
142.49185
156.82147
192.57019
239.42984
353.61627
571.5384
2198.2644
1102.4436
458.0518
300.10043
223.2482
179.20216
148.62447
127.13507
149.26723
255.36359
199.979
406.5773
2117.649
274.34918
157.29646
112.88317
90.61321
71.57306
56.10263
47.669132
44.889397
39.629757
39.97639
35.787395
32.365685
30.797844
27.891434
28.857508
28.5009
29.331753
27.692955
27.037376
24.811266
23.157082
22.587852
22.147099
21.162498
21.089844
21.216017
18.85514
19.63709
18.84152
18.924429
19.592154
18.046034
21.368273
47.623318
24.503332
30.35102
37.533703
41.697807
42.047558
40.20006
36.302006
30.083323
23.386282
18.644993
14.674747
13.296906
13.182146
12.685998
12.620026
12.593411
12.110439
12.067642
11.932058
11.622592
11.509495
11.433213
11.265759
11.045703
10.981786
10.8133955
10.732952
10.669735
10.507887
10.337815
10.22358
10.110729
10.017724
9.922848
9.805675
9.720476
9.63241
9.532443
9.435614
9.336357
9.267204
9.167099
9.07691
9.016108
8.924301
8.840493
8.777978
8.690484
8.6089325
8.550667
8.475495
8.405659
8.340759
8.280665
8.215088
8.1536455
8.094957
8.037595
7.9780374
7.9191136
7.8617325
7.80362
7.750367
7.6984262
7.64534
7.6010184
7.547805
7.4973235
7.454408
7.407007
7.3586984
7.3172903
7.2682695
7.2256174
7.1877966
7.144912
7.103326
7.06509
7.023277
6.986242
6.9501166
6.906873
6.8804026
6.8394322
6.804544
6.7707334
6.7344933
6.7012153
6.668306
6.636645
6.596839
6.588604
6.5521536
6.5197644
6.491439
6.4617496
6.434233
6.4088855
6.3805885
6.3535004
6.3315425
6.300875
6.28045
6.253502
6.230589
6.205353
6.1861115
6.1621103
6.1395993
6.1167784
6.0983686
6.0796003
6.0593643
6.0385547
6.0149517
5.998685
5.9775953
5.9613194
5.943314
5.92648
5.9109735
5.890937
5.8743744
5.859445
5.844096
5.8263574
5.8105283
5.7996264
5.7856483
5.768427
5.7562017
5.7414865
5.733197
5.717249
5.7061634
5.691841
5.683217
5.6708784
5.6583724
5.6485395
5.6411743
5.631797
5.6146326
5.60866
5.6022487
5.591632
5.581798
5.5753446
5.5653315
5.5611324
5.5501213
5.5473924
5.5421133
5.52893
5.5251594
5.5164285
5.511291
5.50934
5.5044265
5.499441
5.493407
5.4886284
5.4835916
5.481576
5.481061
5.4763527
5.4734774
5.4704723
5.471533
5.464139
5.465727
5.462173
5.4636765
5.4597898
5.460334
5.463135
0.0
0.0
0.0
0.0
0.0
0.0
0.0
0.0
0.0
0.0
0.0
0.0
0.0
0.0
0.0
0.0
0.0
0.0
0.0
0.0
0.0
0.0
0.0
0.0
0.0
0.0
0.0
0.0
0.0
0.0
0.0
0.0
0.0
0.0
0.0
0.0
0.0
0.0
0.0
0.0
0.0
0.0
0.0
0.0
0.0
0.0
0.0
0.0
0.0
0.0
0.0
0.0
0.0
0.0
0.0
0.0
0.0
0.0
0.0
0.0
0.0
0.0
0.0
0.0
0.0
0.0
0.0
0.0
0.0
0.0
0.0
0.0
0.0
0.0
0.0
0.0
0.0
0.0
0.0
0.0
0.0
0.0
0.0
0.0
0.0
0.0
0.0
0.0
0.0
0.0
0.0
0.0
0.0
0.0
0.0
0.0
0.0
0.0
0.0
0.0
0.0
0.0
0.0
0.0
0.0
0.0
0.0
0.0
0.0
0.0
0.0
0.0
0.0
0.0
0.0
0.0
0.0
0.0
0.0
0.0
0.0
0.0
0.0
0.0
0.0
0.0
0.0
0.0
0.0
0.0
0.0
0.0
0.0
0.0
0.0
0.0
0.0
0.0
0.0
0.0
0.0
0.0
0.0
0.0
0.0
0.0
0.0
0.0
0.0
0.0
0.0
0.0
0.0
0.0
0.0
0.0
0.0
0.0
0.0
0.0
0.0
0.0
0.0
0.0
0.0
0.0
0.0
0.0
0.0
0.0
0.0
0.0
0.0
0.0
0.0
0.0
0.0
0.0
0.0
0.0
0.0
0.0
0.0
0.0
0.0
0.0
0.0
0.0
0.0
0.0
0.0
0.0
0.0
0.0
0.0
0.0
0.0
0.0
0.0
0.0
0.0
0.0
0.0
0.0
0.0
0.0
0.0
0.0
0.0
0.0
0.0
0.0
0.0
0.0
0.0
0.0
0.0
0.0
0.0
0.0
0.0
0.0
0.0
0.0
0.0
0.0
0.0
0.0
0.0
0.0
0.0
0.0
0.0
0.0
0.0
0.0
0.0
0.0
0.0
0.0
0.0
0.0
0.0
0.0
0.0
0.0
0.0
0.0
0.0
0.0
0.0
0.0
0.0
0.0
0.0
0.0
0.0
0.0
0.0
0.0
0.0
0.0
0.0
0.0
0.0
0.0
0.0
0.0
0.0
0.0
0.0
0.0
0.0
0.0
0.0
0.0
0.0
0.0
0.0
0.0
0.0
0.0
0.0
0.0
0.0
0.0
0.0
0.0
0.0
0.0
0.0
0.0
0.0
0.0
0.0
0.0
0.0
0.0
0.0
0.0
0.0
0.0
0.0
0.0
0.0
0.0
0.0
0.0
0.0
0.0
0.0
0.0
0.0
0.0
0.0
0.0
0.0
0.0
0.0
0.0
0.0
0.0
0.0
0.0
0.0
0.0
0.0
0.0
0.0
0.0
0.0
0.0
0.0
0.0
0.0
0.0
0.0
0.0
0.0
0.0
0.0
0.0
0.0
0.0
0.0
0.0
0.0
0.0
0.0
0.0
0.0
0.0
0.0
0.0
0.0
0.0
0.0
0.0
0.0
0.0
0.0
0.0
0.0
0.0
0.0
0.0
0.0
0.0
0.0
0.0
0.0
0.0
0.0
0.0
0.0
0.0
0.0
0.0
0.0
0.0
0.0
0.0
0.0
0.0
0.0
0.0
0.0
0.0
0.0
0.0
0.0
0.0
0.0
0.0
0.0
0.0
0.0
0.0
0.0
0.0
0.0
0.0
0.0
0.0
0.0
0.0
0.0
0.0
0.0
0.0
0.0
0.0
0.0
0.0
0.0
0.0
0.0
0.0
0.0
0.0
0.0
0.0
0.0
0.0
0.0
0.0
0.0
0.0
0.0
0.0
0.0
0.0
0.0
0.0
0.0
0.0
0.0
0.0
0.0
0.0
0.0
0.0
0.0
0.0
0.0
0.0
0.0
0.0
0.0
0.0
0.0
0.0
0.0
0.0
0.0
0.0
0.0
0.0
0.0
0.0
0.0
0.0
0.0
0.0
0.0
0.0
0.0
0.0
0.0
0.0
0.0
0.0
0.0
0.0
0.0
0.0
0.0
0.0
0.0
0.0
0.0
0.0
0.0
0.0
0.0
0.0
0.0
0.0
0.0
0.0
0.0
0.0
0.0
0.0
0.0
0.0
0.0
0.0
0.0
0.0
0.0
0.0
0.0
0.0
0.0
0.0
0.0
0.0
0.0
0.0
0.0
