202062.75
1255702.5
489545.25
304360.84
191266.11
126587.29
96559.67
75038.03
61707.914
56553.426
53074.027
43266.09
32785.793
30508.438
28199.217
24855.941
23821.844
30053.84
22296.5
21364.59
20076.156
20475.1
20952.416
48070.22
25362.895
17951.998
19362.818
16331.827
14496.737
14742.483
13231.178
14268.064
13281.178
13388.598
16968.826
21443.025
17611.684
12682.231
12854.033
13392.844
12063.211
11584.689
11816.106
11681.99
11177.047
12199.669
16293.802
15015.655
28607.6
13226.399
11660.35
12475.037
13984.066
11662.201
10977.163
10155.354
9762.174
11203.021
11228.209
11757.084
10146.73
11448.455
10347.251
10352.39
9778.974
10267.257
9645.795
10874.3545
13095.394
18106.695
20233.543
22583.086
17971.043
13628.689
11679.097
10673.138
10375.341
10705.618
12107.155
9783.254
11270.612
9691.142
9407.152
9463.629
9813.084
9090.83
10483.228
10670.053
10021.516
9365.641
9858.497
10099.293
12005.824
11309.771
11177.467
12263.866
11449.759
12506.226
13868.879
11469.397
10862.338
10558.089
10661.746
12372.447
11841.822
10645.585
10686.33
12145.896
10636.203
12223.195
9975.976
10867.422
11080.093
10555.315
10438.396
11891.021
10465.171
12072.814
10916.441
10678.093
10554.301
10988.991
10753.234
9794.958
9791.939
9780.459
10306.921
9130.262
10283.154
9831.94
11557.936
9505.417
9943.325
9418.37
9874.194
9676.612
9937.96
10635.308
10521.864
10422.099
9888.55
10770.736
10747.155
11870.192
20311.926
12214.874
10613.891
11285.892
10143.964
10426.342
9455.212
10219.514
9162.802
9604.336
10866.765
10330.359
10370.69
10074.239
8975.466
8764.433
9301.324
9284.846
8569.1875
8748.674
9526.521
8653.635
8960.811
9238.737
9310.911
8364.732
8856.445
8591.967
9337.926
9613.233
8743.722
8980.737
9617.406
8884.713
9119.037
10431.578
8719.723
8666.5625
8758.805
8996.109
8741.023
8539.971
9227.982
9895.6
8555.587
9008.27
9023.5
9203.047
8791.746
8747.741
8560.984
9936.736
8967.856
8489.41
8696.105
9368.408
8777.831
9000.574
8772.499
8581.547
8549.491
8780.733
9107.431
8755.813
8895.494
8908.174
8957.27
8731.656
9020.141
8914.563
9264.513
9754.654
9344.928
9674.688
12756.018
12054.948
10183.128
11471.291
10529.172
11945.293
9968.371
10650.269
12806.25
13786.04
13497.956
10736.091
11883.086
17744.65
10468.612
10317.063
10945.197
13464.214
10317.64
9376.338
9297.531
9864.24
15331.728
10571.369
9409.786
9342.783
9487.514
9378.944
9387.647
9635.729
9378.623
9032.652
8598.214
8512.901
8617.847
8695.793
8927.886
8981.179
9059.577
8386.984
8346.567
9159.59
10054.053
8443.445
8015.3633
7386.837
7230.2046
7207.2905
7745.689
8193.277
8681.768
7499.14
7137.8555
6580.898
6992.0996
6670.724
6656.8896
6788.7217
6703.37
7187.0674
7482.741
7841.4946
8685.07
8292.374
7877.341
7556.336
7592.023
7341.085
7123.524
8950.46
8253.322
8578.163
15373.149
11345.295
9275.921
9394.285
9420.041
9617.483
10340.479
12524.098
14456.208
19683.873
19278.074
23173.678
38510.207
11392.935
7208.377
5600.7007
4698.7974
4104.9077
3515.9065
3025.2734
2815.7644
2692.836
2542.5808
2377.952
2265.7974
2136.143
2026.3408
1964.0842
1960.9309
1959.0477
1911.1952
1851.4086
1755.6188
1627.9117
1593.4421
1624.8893
1636.2521
1620.2064
1575.6432
1514.3152
1466.0492
1471.8804
1497.6141
1521.5004
1530.9456
1634.2086
2098.2073
1683.2009
1643.7391
1675.0297
1703.9786
1681.2764
1647.9558
1569.654
1479.138
1385.5354
1306.9556
1244.287
1205.3961
1194.3173
1176.6432
1161.6422
1130.6244
1102.6979
1077.9407
1053.7516
1030.0752
1016.623
1010.31366
1004.21326
995.09924
987.953
983.2364
980.4235
977.01526
974.0295
970.77655
964.12933
960.45496
956.15247
950.6984
944.571
939.33124
933.85834
928.2165
923.5224
919.4837
913.97345
912.16254
907.68317
902.79047
899.52606
894.8684
889.252
886.92914
881.2558
879.09534
875.2233
871.6245
868.97876
866.0647
863.4503
860.63654
858.1132
855.5917
853.04803
850.5472
848.2782
845.8618
843.86676
841.3858
839.46106
837.0356
834.92065
832.7934
830.773
828.80585
827.15936
824.9346
823.26495
821.09546
819.38434
817.53076
815.75995
814.0772
812.17633
810.614
808.8373
807.28156
805.85913
804.3412
802.67676
801.16077
799.64453
798.1796
796.69904
795.3347
793.91486
792.5927
791.32794
789.8723
788.495
787.3479
786.0037
784.9197
783.654
782.4091
781.33405
780.13086
778.9331
777.88086
776.766
775.8104
774.7368
773.72534
772.7371
771.73114
769.37115
769.651
769.37286
767.654
766.8904
765.96533
765.13196
764.24493
763.4164
762.593
761.8394
761.027
760.24005
759.4886
758.742
757.9965
757.31323
756.6353
755.93506
755.1637
754.60284
754.00226
753.3786
752.75415
752.1101
751.594
750.97046
750.4662
749.9421
749.4416
749.0061
748.5494
746.51416
747.2407
746.5675
746.5427
746.1405
745.62683
745.23346
744.859
744.5265
744.0619
743.7974
743.48303
743.2333
742.8611
742.58716
742.28094
741.98346
741.8571
741.5941
741.34973
741.1148
740.95776
740.7706
740.63745
740.56647
740.3937
740.25073
740.2273
740.0896
740.07117
740.0949
739.87616
737.9426
739.4507
0.0
0.0
0.0
0.0
0.0
0.0
0.0
0.0
0.0
0.0
0.0
0.0
0.0
0.0
0.0
0.0
0.0
0.0
0.0
0.0
0.0
0.0
0.0
0.0
0.0
0.0
0.0
0.0
0.0
0.0
0.0
0.0
0.0
0.0
0.0
0.0
0.0
0.0
0.0
0.0
0.0
0.0
0.0
0.0
0.0
0.0
0.0
0.0
0.0
0.0
0.0
0.0
0.0
0.0
0.0
0.0
0.0
0.0
0.0
0.0
0.0
0.0
0.0
0.0
0.0
0.0
0.0
0.0
0.0
0.0
0.0
0.0
0.0
0.0
0.0
0.0
0.0
0.0
0.0
0.0
0.0
0.0
0.0
0.0
0.0
0.0
0.0
0.0
0.0
0.0
0.0
0.0
0.0
0.0
0.0
0.0
0.0
0.0
0.0
0.0
0.0
0.0
0.0
0.0
0.0
0.0
0.0
0.0
0.0
0.0
0.0
0.0
0.0
0.0
0.0
0.0
0.0
0.0
0.0
0.0
0.0
0.0
0.0
0.0
0.0
0.0
0.0
0.0
0.0
0.0
0.0
0.0
0.0
0.0
0.0
0.0
0.0
0.0
0.0
0.0
0.0
0.0
0.0
0.0
0.0
0.0
0.0
0.0
0.0
0.0
0.0
0.0
0.0
0.0
0.0
0.0
0.0
0.0
0.0
0.0
0.0
0.0
0.0
0.0
0.0
0.0
0.0
0.0
0.0
0.0
0.0
0.0
0.0
0.0
0.0
0.0
0.0
0.0
0.0
0.0
0.0
0.0
0.0
0.0
0.0
0.0
0.0
0.0
0.0
0.0
0.0
0.0
0.0
0.0
0.0
0.0
0.0
0.0
0.0
0.0
0.0
0.0
0.0
0.0
0.0
0.0
0.0
0.0
0.0
0.0
0.0
0.0
0.0
0.0
0.0
0.0
0.0
0.0
0.0
0.0
0.0
0.0
0.0
0.0
0.0
0.0
0.0
0.0
0.0
0.0
0.0
0.0
0.0
0.0
0.0
0.0
0.0
0.0
0.0
0.0
0.0
0.0
0.0
0.0
0.0
0.0
0.0
0.0
0.0
0.0
0.0
0.0
0.0
0.0
0.0
0.0
0.0
0.0
0.0
0.0
0.0
0.0
0.0
0.0
0.0
0.0
0.0
0.0
0.0
0.0
0.0
0.0
0.0
0.0
0.0
0.0
0.0
0.0
0.0
0.0
0.0
0.0
0.0
0.0
0.0
0.0
0.0
0.0
0.0
0.0
0.0
0.0
0.0
0.0
0.0
0.0
0.0
0.0
0.0
0.0
0.0
0.0
0.0
0.0
0.0
0.0
0.0
0.0
0.0
0.0
0.0
0.0
0.0
0.0
0.0
0.0
0.0
0.0
0.0
0.0
0.0
0.0
0.0
0.0
0.0
0.0
0.0
0.0
0.0
0.0
0.0
0.0
0.0
0.0
0.0
0.0
0.0
0.0
0.0
0.0
0.0
0.0
0.0
0.0
0.0
0.0
0.0
0.0
0.0
0.0
0.0
0.0
0.0
0.0
0.0
0.0
0.0
0.0
0.0
0.0
0.0
0.0
0.0
0.0
0.0
0.0
0.0
0.0
0.0
0.0
0.0
0.0
0.0
0.0
0.0
0.0
0.0
0.0
0.0
0.0
0.0
0.0
0.0
0.0
0.0
0.0
0.0
0.0
0.0
0.0
0.0
0.0
0.0
0.0
0.0
0.0
0.0
0.0
0.0
0.0
0.0
0.0
0.0
0.0
0.0
0.0
0.0
0.0
0.0
0.0
0.0
0.0
0.0
0.0
0.0
0.0
0.0
0.0
0.0
0.0
0.0
0.0
0.0
0.0
0.0
0.0
0.0
0.0
0.0
0.0
0.0
0.0
0.0
0.0
0.0
0.0
0.0
0.0
0.0
0.0
0.0
0.0
0.0
0.0
0.0
0.0
0.0
0.0
0.0
0.0
0.0
0.0
0.0
0.0
0.0
0.0
0.0
0.0
0.0
0.0
0.0
0.0
0.0
0.0
0.0
0.0
0.0
0.0
0.0
0.0
0.0
0.0
0.0
0.0
0.0
0.0
0.0
0.0
0.0
0.0
0.0
0.0
0.0
0.0
0.0
0.0
0.0
0.0
0.0
0.0
0.0
0.0
0.0
0.0
0.0
0.0
0.0
0.0
0.0
0.0
0.0
0.0
0.0
0.0
0.0
0.0
0.0
0.0
0.0
0.0
0.0
