91.74243
93.56117
93.43083
94.75539
94.67292
100.40581
92.703804
97.2892
100.443985
103.881516
177.1896
122.03719
167.46347
173.71675
122.583145
229.76048
214.2142
223.92815
238.9898
219.6851
237.95166
217.14478
232.23009
235.89972
227.45523
231.1974
216.6574
224.83458
237.35924
110.962296
228.9612
210.3311
222.38052
221.97559
225.65755
219.38734
212.93245
220.49791
226.684
225.49268
220.87703
208.05994
224.94302
227.45155
141.63176
212.34544
217.74252
213.53922
213.2599
221.89105
204.15205
209.84537
201.83253
214.17798
225.8186
211.38654
216.34528
219.56326
227.63757
233.7868
220.25046
220.3313
218.72572
228.69807
223.7947
186.22577
185.50726
193.86581
189.1763
223.02223
206.67839
216.4915
217.2345
206.84924
233.30118
196.91293
215.36488
213.01503
209.56076
174.61224
164.89842
163.5282
162.55753
162.58766
201.55995
209.54681
215.81516
215.65901
206.36298
99.15416
106.02726
201.40665
198.12639
205.25826
191.11768
231.20758
248.18901
246.77393
233.72604
232.00165
240.41454
249.33806
255.90274
242.80566
252.2853
128.78806
68.762924
67.00334
64.343445
60.18959
54.358185
51.512215
46.561295
47.083824
51.94361
48.19013
41.20501
35.270542
30.70606
25.981047
20.63757
15.49542
6.43524
2.23452
0